id	  U  		 X  		 x  	 P(X<=x)  	 count
0	  0.874791	  2.07777	  0.05	  0.0487706	  11
1	  0.438829	  0.57773	  0.1	  0.0951626	  16
2	  0.0812682	  0.084761	  0.15	  0.139292	  20
3	  0.591951	  0.896369	  0.2	  0.181269	  31
4	  0.730786	  1.31225	  0.25	  0.221199	  43
5	  0.842113	  1.84588	  0.3	  0.259182	  48
6	  0.0774278	  0.0805896	  0.35	  0.295312	  53
7	  0.419798	  0.54438	  0.4	  0.32968	  56
8	  0.141343	  0.152386	  0.45	  0.362372	  66
9	  0.810937	  1.66567	  0.5	  0.393469	  76
10	  0.78102	  1.51878	  0.55	  0.42305	  80
11	  0.988584	  4.47271	  0.6	  0.451188	  91
12	  0.46691	  0.629065	  0.65	  0.477954	  95
13	  0.958025	  3.17067	  0.7	  0.503415	  100
14	  0.597066	  0.908982	  0.75	  0.527633	  104
15	  0.945681	  2.91289	  0.8	  0.550671	  110
16	  0.174102	  0.191284	  0.85	  0.572585	  113
17	  0.135161	  0.145212	  0.9	  0.59343	  115
18	  0.443907	  0.586819	  0.95	  0.613259	  119
19	  0.0176212	  0.0177783	  1	  0.632121	  121
20	  0.639706	  1.02084	  1.05	  0.650062	  127
21	  0.745998	  1.37041	  1.1	  0.667129	  133
22	  0.361115	  0.448031	  1.15	  0.683363	  138
23	  0.0187654	  0.0189437	  1.2	  0.698806	  140
24	  0.450379	  0.598526	  1.25	  0.713495	  140
25	  0.925076	  2.59128	  1.3	  0.727468	  142
26	  0.568915	  0.841449	  1.35	  0.74076	  146
27	  0.91746	  2.49447	  1.4	  0.753403	  150
28	  0.499407	  0.691962	  1.45	  0.76543	  153
29	  0.845824	  1.86966	  1.5	  0.77687	  156
30	  0.59866	  0.912946	  1.55	  0.787752	  157
31	  0.939838	  2.81072	  1.6	  0.798103	  157
32	  0.284653	  0.334988	  1.65	  0.80795	  160
33	  0.679928	  1.13921	  1.7	  0.817316	  161
34	  0.531789	  0.758837	  1.75	  0.826226	  163
35	  0.0154396	  0.01556	  1.8	  0.834701	  166
36	  0.522041	  0.738231	  1.85	  0.842763	  167
37	  0.609217	  0.939603	  1.9	  0.850431	  169
38	  0.435238	  0.571351	  1.95	  0.857726	  170
39	  0.663385	  1.08881	  2	  0.864665	  172
40	  0.420154	  0.544993	  2.05	  0.871265	  173
41	  0.216258	  0.243676	  2.1	  0.877544	  174
42	  0.651968	  1.05546	  2.15	  0.883516	  174
43	  0.887064	  2.18093	  2.2	  0.889197	  177
44	  0.174283	  0.191503	  2.25	  0.894601	  179
45	  0.249034	  0.286395	  2.3	  0.899741	  180
46	  0.832746	  1.78824	  2.35	  0.904631	  181
47	  0.348385	  0.428302	  2.4	  0.909282	  181
48	  0.384195	  0.484825	  2.45	  0.913706	  181
49	  0.276652	  0.323865	  2.5	  0.917915	  182
50	  0.366006	  0.455716	  2.55	  0.921918	  183
51	  0.0239016	  0.0241918	  2.6	  0.925726	  184
52	  0.0226497	  0.0229102	  2.65	  0.929349	  186
53	  0.727122	  1.29873	  2.7	  0.932794	  187
54	  0.0426669	  0.0436039	  2.75	  0.936072	  187
55	  0.473028	  0.640609	  2.8	  0.93919	  187
56	  0.652198	  1.05612	  2.85	  0.942156	  188
57	  0.611582	  0.945672	  2.9	  0.944977	  188
58	  0.390488	  0.495097	  2.95	  0.94766	  189
59	  0.151604	  0.164408	  3	  0.950213	  189
60	  0.457406	  0.611394	  3.05	  0.952641	  189
61	  0.989148	  4.52344	  3.1	  0.954951	  189
62	  0.0914426	  0.0958972	  3.15	  0.957148	  189
63	  0.742059	  1.35503	  3.2	  0.959238	  191
64	  0.669076	  1.10587	  3.25	  0.961226	  192
65	  0.623232	  0.976126	  3.3	  0.963117	  192
66	  0.757499	  1.41675	  3.35	  0.964916	  192
67	  0.191118	  0.212102	  3.4	  0.966627	  192
68	  0.232449	  0.264551	  3.45	  0.968254	  194
69	  0.192737	  0.214106	  3.5	  0.969803	  194
70	  0.854503	  1.9276	  3.55	  0.971275	  194
71	  0.652603	  1.05729	  3.6	  0.972676	  195
72	  0.408995	  0.525931	  3.65	  0.974009	  195
73	  0.506471	  0.706174	  3.7	  0.975276	  195
74	  0.539668	  0.775806	  3.75	  0.976482	  195
75	  0.583278	  0.875336	  3.8	  0.977629	  195
76	  0.755505	  1.40856	  3.85	  0.97872	  195
77	  0.372413	  0.465873	  3.9	  0.979758	  195
78	  0.931663	  2.68331	  3.95	  0.980745	  195
79	  0.1397	  0.150475	  4	  0.981684	  195
80	  0.649065	  1.04715	  4.05	  0.982578	  195
81	  0.29767	  0.353351	  4.1	  0.983427	  195
82	  0.163602	  0.178651	  4.15	  0.984236	  195
83	  0.671715	  1.11387	  4.2	  0.985004	  195
84	  0.0247911	  0.0251036	  4.25	  0.985736	  195
85	  0.206269	  0.231011	  4.3	  0.986431	  195
86	  0.144743	  0.156353	  4.35	  0.987093	  195
87	  0.676989	  1.13007	  4.4	  0.987723	  195
88	  0.817851	  1.70293	  4.45	  0.988321	  195
89	  0.535232	  0.766216	  4.5	  0.988891	  196
90	  0.828593	  1.76372	  4.55	  0.989433	  197
91	  0.275256	  0.321937	  4.6	  0.989948	  198
92	  0.52438	  0.743136	  4.65	  0.990438	  198
93	  0.920036	  2.52618	  4.7	  0.990905	  198
94	  0.0173157	  0.0174674	  4.75	  0.991348	  198
95	  0.193456	  0.214997	  4.8	  0.99177	  198
96	  0.543268	  0.783658	  4.85	  0.992172	  198
97	  0.774815	  1.49083	  4.9	  0.992553	  198
98	  0.384574	  0.485441	  4.95	  0.992917	  198
99	  0.775717	  1.49485	  5	  0.993262	  198
100	  0.967551	  3.4281	  5.05	  0.993591	  199
101	  0.239077	  0.273223	  5.1	  0.993903	  199
102	  0.428321	  0.559177	  5.15	  0.994201	  199
103	  0.376547	  0.472481	  5.2	  0.994483	  199
104	  0.745548	  1.36864	  5.25	  0.994752	  199
105	  0.967988	  3.44165	  5.3	  0.995008	  199
106	  0.959825	  3.2145	  5.35	  0.995252	  199
107	  0.501053	  0.695256	  5.4	  0.995483	  199
108	  0.340401	  0.416123	  5.45	  0.995704	  199
109	  0.891488	  2.22089	  5.5	  0.995913	  199
110	  0.640754	  1.02375	  5.55	  0.996113	  199
111	  0.989466	  4.55316	  5.6	  0.996302	  199
112	  0.189158	  0.209682	  5.65	  0.996482	  199
113	  0.804356	  1.63146	  5.7	  0.996654	  199
114	  0.661181	  1.08229	  5.75	  0.996817	  199
115	  0.213949	  0.240733	  5.8	  0.996972	  199
116	  0.0106246	  0.0106815	  5.85	  0.99712	  199
117	  0.805924	  1.63951	  5.9	  0.997261	  199
118	  0.890937	  2.21583	  5.95	  0.997394	  199
119	  0.828475	  1.76303	  6	  0.997521	  199
120	  0.341156	  0.417268	  6.05	  0.997642	  199
121	  0.719531	  1.27129	  6.1	  0.997757	  199
122	  0.103732	  0.109515	  6.15	  0.997867	  199
123	  0.865535	  2.00645	  6.2	  0.997971	  199
124	  0.639566	  1.02045	  6.25	  0.99807	  199
125	  0.121047	  0.129024	  6.3	  0.998164	  199
126	  0.0589918	  0.0608034	  6.35	  0.998253	  200
127	  0.182834	  0.201913	  6.4	  0.998338	  200
128	  0.895862	  2.26204	  6.45	  0.998419	  200
129	  0.443566	  0.586207	  6.5	  0.998497	  200
130	  0.958551	  3.1833	  6.55	  0.99857	  200
131	  0.863413	  1.9908	  6.6	  0.99864	  200
132	  0.682643	  1.14773	  6.65	  0.998706	  200
133	  0.386872	  0.489181	  6.7	  0.998769	  200
134	  0.23996	  0.274384	  6.75	  0.998829	  200
135	  0.428191	  0.55895	  6.8	  0.998886	  200
136	  0.35486	  0.438288	  6.85	  0.998941	  200
137	  0.199785	  0.222874	  6.9	  0.998992	  200
138	  0.929244	  2.64852	  6.95	  0.999041	  200
139	  0.695261	  1.1883	  7	  0.999088	  200
140	  0.0912727	  0.0957102	  7.05	  0.999133	  200
141	  0.569998	  0.843964	  7.1	  0.999175	  200
142	  0.684727	  1.15432	  7.15	  0.999215	  200
143	  0.28043	  0.329102	  7.2	  0.999253	  200
144	  0.374353	  0.468969	  7.25	  0.99929	  200
145	  0.345908	  0.424507	  7.3	  0.999324	  200
146	  0.494379	  0.681968	  7.35	  0.999357	  200
147	  0.384978	  0.486097	  7.4	  0.999389	  200
148	  0.151832	  0.164676	  7.45	  0.999419	  200
149	  0.385316	  0.486648	  7.5	  0.999447	  200
150	  0.213453	  0.240103	  7.55	  0.999474	  200
151	  0.492987	  0.67922	  7.6	  0.9995	  200
152	  0.104847	  0.110761	  7.65	  0.999524	  200
153	  0.317185	  0.381531	  7.7	  0.999547	  200
154	  0.358523	  0.443982	  7.75	  0.999569	  200
155	  0.744413	  1.36419	  7.8	  0.99959	  200
156	  0.438232	  0.576666	  7.85	  0.99961	  200
157	  0.417515	  0.540451	  7.9	  0.999629	  200
158	  0.927247	  2.62069	  7.95	  0.999647	  200
159	  0.334094	  0.406607	  8	  0.999665	  200
160	  0.861081	  1.97386	  8.05	  0.999681	  200
161	  0.885798	  2.16979	  8.1	  0.999696	  200
162	  0.197507	  0.220033	  8.15	  0.999711	  200
163	  0.543724	  0.784656	  8.2	  0.999725	  200
164	  0.27267	  0.318375	  8.25	  0.999739	  200
165	  0.437467	  0.575306	  8.3	  0.999751	  200
166	  0.971914	  3.5725	  8.35	  0.999764	  200
167	  0.62753	  0.987599	  8.4	  0.999775	  200
168	  0.637252	  1.01405	  8.45	  0.999786	  200
169	  0.901158	  2.31424	  8.5	  0.999797	  200
170	  0.322791	  0.389775	  8.55	  0.999806	  200
171	  0.728525	  1.30388	  8.6	  0.999816	  200
172	  0.471156	  0.637061	  8.65	  0.999825	  200
173	  0.00751778	  0.00754618	  8.7	  0.999833	  200
174	  0.00895503	  0.00899537	  8.75	  0.999842	  200
175	  0.845509	  1.86762	  8.8	  0.999849	  200
176	  0.353426	  0.436067	  8.85	  0.999857	  200
177	  0.503334	  0.699838	  8.9	  0.999864	  200
178	  0.230487	  0.261997	  8.95	  0.99987	  200
179	  0.505257	  0.703718	  9	  0.999877	  200
180	  0.88865	  2.19508	  9.05	  0.999883	  200
181	  0.44394	  0.586879	  9.1	  0.999888	  200
182	  0.998245	  6.34528	  9.15	  0.999894	  200
183	  0.993497	  5.03553	  9.2	  0.999899	  200
184	  0.761125	  1.43181	  9.25	  0.999904	  200
185	  0.356768	  0.44125	  9.3	  0.999909	  200
186	  0.73791	  1.33907	  9.35	  0.999913	  200
187	  0.199357	  0.22234	  9.4	  0.999917	  200
188	  0.774283	  1.48847	  9.45	  0.999921	  200
189	  0.665158	  1.0941	  9.5	  0.999925	  200
190	  0.533451	  0.762391	  9.55	  0.999929	  200
191	  0.635363	  1.00885	  9.6	  0.999932	  200
192	  0.550956	  0.800635	  9.65	  0.999936	  200
193	  0.730958	  1.31289	  9.7	  0.999939	  200
194	  0.179087	  0.197338	  9.75	  0.999942	  200
195	  0.823626	  1.73515	  9.8	  0.999945	  200
196	  0.168425	  0.184434	  9.85	  0.999947	  200
197	  0.151001	  0.163698	  9.9	  0.99995	  200
198	  0.451156	  0.599942	  9.95	  0.999952	  200
199	  0.805677	  1.63824	  10	  0.999955	  200
